#Seq2Logo.py -I 1 -f /home/hym/trunk/TCRBert/output/exp1/immunecode.cdr3b_14.fa -o /home/hym/trunk/TCRBert/output/exp1/immunecode.cdr3b_14_logo --format PDF
#Position Specific Frequency Matrix
A R N D C Q E G H I L K M F P S T W Y V
0 C 0.062 0.015 0.015 0.015 0.511 0.012 0.015 0.031 0.008 0.042 0.062 0.019 0.015 0.019 0.015 0.039 0.035 0.004 0.012 0.054
1 A 0.284 0.031 0.03 0.032 0.02 0.026 0.041 0.072 0.015 0.038 0.053 0.044 0.016 0.02 0.028 0.116 0.053 0.005 0.017 0.06
2 S 0.122 0.037 0.044 0.041 0.017 0.03 0.045 0.059 0.017 0.043 0.051 0.048 0.017 0.022 0.027 0.212 0.075 0.009 0.017 0.069
3 S 0.091 0.067 0.049 0.055 0.015 0.036 0.079 0.055 0.022 0.029 0.043 0.058 0.015 0.02 0.029 0.206 0.069 0.005 0.018 0.039
4 L 0.057 0.043 0.028 0.035 0.012 0.05 0.081 0.134 0.015 0.071 0.143 0.045 0.024 0.027 0.058 0.045 0.036 0.007 0.017 0.072
5 G 0.053 0.029 0.098 0.102 0.011 0.023 0.041 0.134 0.032 0.054 0.074 0.037 0.017 0.024 0.039 0.05 0.065 0.026 0.018 0.071
6 R 0.067 0.111 0.043 0.035 0.012 0.055 0.05 0.103 0.024 0.049 0.068 0.061 0.018 0.021 0.053 0.093 0.053 0.007 0.017 0.059
7 G 0.067 0.042 0.114 0.051 0.011 0.024 0.035 0.243 0.026 0.03 0.058 0.041 0.014 0.04 0.019 0.073 0.039 0.006 0.031 0.036
8 A 0.121 0.032 0.057 0.061 0.015 0.027 0.064 0.093 0.016 0.05 0.067 0.043 0.017 0.021 0.051 0.085 0.097 0.005 0.016 0.063
9 G 0.051 0.035 0.116 0.089 0.01 0.047 0.073 0.124 0.028 0.055 0.05 0.046 0.015 0.03 0.02 0.052 0.057 0.007 0.048 0.046
10 E 0.058 0.039 0.035 0.062 0.01 0.044 0.207 0.076 0.019 0.037 0.046 0.057 0.014 0.018 0.065 0.055 0.077 0.005 0.015 0.058
11 Q 0.072 0.051 0.031 0.033 0.011 0.157 0.067 0.036 0.024 0.049 0.138 0.062 0.026 0.033 0.02 0.046 0.037 0.008 0.048 0.051
12 F 0.04 0.025 0.024 0.021 0.011 0.018 0.026 0.028 0.054 0.051 0.084 0.027 0.021 0.247 0.015 0.037 0.068 0.016 0.138 0.05
13 F 0.032 0.018 0.016 0.016 0.01 0.01 0.018 0.024 0.016 0.06 0.108 0.018 0.024 0.419 0.01 0.024 0.024 0.016 0.084 0.052