#Seq2Logo.py -I 1 -f /home/hym/trunk/TCRBert/output/exp1/immunecode.cdr3b_13.fa -o /home/hym/trunk/TCRBert/output/exp1/immunecode.cdr3b_13_logo --format PDF
#Position Specific Frequency Matrix
A R N D C Q E G H I L K M F P S T W Y V
0 C 0.059 0.015 0.015 0.015 0.528 0.011 0.015 0.03 0.007 0.041 0.059 0.019 0.015 0.019 0.015 0.037 0.033 0.004 0.011 0.052
1 A 0.3 0.029 0.028 0.03 0.019 0.024 0.038 0.094 0.014 0.037 0.05 0.041 0.015 0.019 0.027 0.108 0.049 0.005 0.016 0.057
2 S 0.084 0.034 0.044 0.059 0.016 0.027 0.043 0.077 0.015 0.044 0.051 0.044 0.016 0.021 0.025 0.188 0.12 0.005 0.016 0.073
3 S 0.085 0.039 0.045 0.049 0.014 0.051 0.095 0.083 0.019 0.028 0.04 0.053 0.015 0.019 0.026 0.205 0.076 0.005 0.016 0.038
4 E 0.052 0.072 0.037 0.102 0.01 0.064 0.106 0.036 0.018 0.044 0.103 0.054 0.019 0.043 0.061 0.061 0.038 0.005 0.021 0.055
5 G 0.076 0.033 0.034 0.054 0.013 0.057 0.057 0.125 0.015 0.061 0.12 0.042 0.021 0.025 0.028 0.073 0.073 0.019 0.017 0.057
6 G 0.083 0.076 0.099 0.093 0.011 0.026 0.041 0.147 0.017 0.035 0.085 0.047 0.016 0.021 0.02 0.065 0.059 0.005 0.014 0.04
7 S 0.076 0.034 0.06 0.094 0.012 0.041 0.07 0.123 0.019 0.028 0.04 0.046 0.013 0.033 0.025 0.129 0.081 0.006 0.034 0.037
8 G 0.067 0.029 0.067 0.081 0.011 0.026 0.082 0.189 0.016 0.04 0.114 0.039 0.018 0.026 0.018 0.046 0.046 0.019 0.024 0.042
9 E 0.055 0.045 0.037 0.068 0.008 0.05 0.262 0.086 0.021 0.024 0.037 0.082 0.012 0.016 0.023 0.054 0.068 0.005 0.015 0.033
10 L 0.107 0.042 0.027 0.031 0.012 0.12 0.068 0.038 0.021 0.051 0.153 0.052 0.025 0.035 0.02 0.046 0.036 0.008 0.054 0.055
11 F 0.036 0.021 0.019 0.018 0.01 0.014 0.022 0.025 0.023 0.052 0.087 0.023 0.021 0.302 0.013 0.031 0.053 0.017 0.163 0.049
12 F 0.031 0.017 0.015 0.015 0.01 0.01 0.017 0.023 0.015 0.058 0.104 0.017 0.023 0.44 0.01 0.023 0.023 0.015 0.081 0.05