#Seq2Logo.py -I 1 -f /home/hym/trunk/TCRBert/output/exp1/immunecode.cdr3b_16.fa -o /home/hym/trunk/TCRBert/output/exp1/immunecode.cdr3b_16_logo --format PDF
#Position Specific Frequency Matrix
A R N D C Q E G H I L K M F P S T W Y V
0 C 0.059 0.015 0.015 0.015 0.533 0.011 0.015 0.029 0.007 0.04 0.059 0.018 0.015 0.018 0.015 0.037 0.033 0.004 0.011 0.051
1 A 0.335 0.029 0.025 0.028 0.019 0.024 0.038 0.07 0.014 0.038 0.052 0.041 0.016 0.019 0.027 0.096 0.048 0.005 0.016 0.06
2 S 0.101 0.033 0.042 0.038 0.039 0.027 0.042 0.054 0.016 0.037 0.054 0.044 0.016 0.022 0.024 0.233 0.077 0.029 0.018 0.056
3 S 0.078 0.105 0.041 0.037 0.037 0.045 0.046 0.048 0.017 0.033 0.068 0.058 0.017 0.02 0.023 0.189 0.076 0.005 0.016 0.042
4 G 0.057 0.052 0.051 0.076 0.011 0.051 0.061 0.094 0.018 0.038 0.067 0.059 0.016 0.062 0.046 0.085 0.059 0.007 0.037 0.051
5 P 0.089 0.064 0.048 0.052 0.012 0.032 0.041 0.096 0.016 0.04 0.083 0.059 0.017 0.022 0.119 0.082 0.053 0.005 0.016 0.054
6 G 0.073 0.044 0.035 0.072 0.011 0.024 0.036 0.212 0.014 0.036 0.053 0.038 0.023 0.04 0.092 0.05 0.071 0.009 0.017 0.05
7 G 0.078 0.089 0.036 0.071 0.012 0.041 0.056 0.149 0.016 0.039 0.079 0.051 0.017 0.02 0.02 0.073 0.078 0.005 0.015 0.054
8 G 0.078 0.065 0.029 0.031 0.011 0.041 0.066 0.16 0.016 0.042 0.108 0.046 0.02 0.048 0.018 0.045 0.058 0.033 0.038 0.047
9 N 0.078 0.032 0.172 0.064 0.012 0.025 0.037 0.07 0.02 0.062 0.076 0.039 0.027 0.027 0.019 0.073 0.044 0.006 0.032 0.084
10 T 0.059 0.036 0.05 0.034 0.013 0.049 0.04 0.061 0.034 0.059 0.075 0.056 0.019 0.027 0.045 0.071 0.165 0.006 0.034 0.068
11 G 0.053 0.031 0.101 0.105 0.009 0.029 0.098 0.228 0.021 0.022 0.032 0.042 0.011 0.025 0.019 0.05 0.045 0.006 0.046 0.027
12 E 0.054 0.04 0.036 0.066 0.01 0.047 0.258 0.033 0.02 0.042 0.046 0.059 0.014 0.018 0.023 0.058 0.111 0.005 0.015 0.044
13 L 0.061 0.049 0.029 0.031 0.011 0.177 0.063 0.032 0.02 0.054 0.186 0.059 0.028 0.027 0.018 0.041 0.035 0.006 0.019 0.053
14 F 0.033 0.021 0.017 0.016 0.009 0.014 0.021 0.023 0.028 0.049 0.085 0.022 0.02 0.297 0.012 0.025 0.024 0.02 0.218 0.046
15 F 0.031 0.017 0.015 0.015 0.01 0.01 0.017 0.023 0.015 0.057 0.103 0.017 0.023 0.445 0.01 0.023 0.023 0.015 0.08 0.05