#Seq2Logo.py -I 1 -f /home/hym/trunk/TCRBert/output/exp1/shomuradova.cdr3b_16.fa -o /home/hym/trunk/TCRBert/output/exp1/shomuradova.cdr3b_16_logo --format PDF
#Position Specific Frequency Matrix
A R N D C Q E G H I L K M F P S T W Y V
0 C 0.064 0.016 0.016 0.016 0.494 0.012 0.016 0.032 0.008 0.044 0.064 0.02 0.016 0.02 0.016 0.04 0.036 0.004 0.012 0.056
1 A 0.266 0.032 0.031 0.033 0.02 0.027 0.042 0.074 0.015 0.04 0.055 0.045 0.017 0.021 0.029 0.113 0.055 0.005 0.017 0.062
2 S 0.125 0.032 0.036 0.034 0.018 0.026 0.039 0.053 0.015 0.069 0.125 0.042 0.024 0.029 0.025 0.129 0.086 0.006 0.018 0.07
3 R 0.062 0.169 0.039 0.034 0.011 0.048 0.049 0.043 0.02 0.026 0.045 0.076 0.016 0.026 0.02 0.102 0.047 0.105 0.027 0.034
4 D 0.057 0.044 0.046 0.154 0.01 0.033 0.065 0.15 0.017 0.031 0.045 0.091 0.013 0.021 0.066 0.053 0.051 0.005 0.014 0.036
5 G 0.087 0.032 0.033 0.037 0.014 0.028 0.04 0.194 0.018 0.061 0.087 0.04 0.019 0.027 0.07 0.075 0.05 0.008 0.018 0.06
6 G 0.104 0.045 0.042 0.048 0.012 0.037 0.079 0.212 0.04 0.032 0.051 0.049 0.014 0.021 0.03 0.067 0.042 0.011 0.02 0.044
7 G 0.084 0.11 0.037 0.047 0.011 0.05 0.082 0.175 0.019 0.031 0.051 0.065 0.025 0.019 0.022 0.059 0.051 0.006 0.016 0.039
8 G 0.061 0.043 0.034 0.042 0.011 0.063 0.099 0.111 0.069 0.061 0.104 0.051 0.027 0.028 0.02 0.045 0.036 0.015 0.024 0.059
9 N 0.042 0.044 0.328 0.085 0.009 0.033 0.049 0.064 0.031 0.022 0.031 0.053 0.011 0.018 0.02 0.068 0.048 0.004 0.015 0.026
10 T 0.072 0.035 0.043 0.037 0.017 0.027 0.039 0.043 0.014 0.052 0.064 0.045 0.019 0.023 0.027 0.091 0.261 0.006 0.017 0.07
11 G 0.077 0.022 0.038 0.033 0.011 0.019 0.025 0.52 0.013 0.019 0.028 0.033 0.009 0.016 0.019 0.05 0.029 0.005 0.011 0.024
12 E 0.054 0.049 0.04 0.088 0.007 0.063 0.31 0.034 0.025 0.022 0.036 0.074 0.013 0.016 0.025 0.054 0.036 0.005 0.016 0.031
13 L 0.044 0.024 0.014 0.015 0.016 0.016 0.02 0.021 0.01 0.113 0.388 0.025 0.049 0.054 0.014 0.024 0.033 0.007 0.022 0.094
14 F 0.033 0.019 0.017 0.017 0.01 0.01 0.019 0.025 0.017 0.062 0.112 0.019 0.025 0.399 0.01 0.025 0.025 0.017 0.087 0.054
15 F 0.033 0.019 0.017 0.017 0.01 0.01 0.019 0.025 0.017 0.062 0.112 0.019 0.025 0.399 0.01 0.025 0.025 0.017 0.087 0.054