#Seq2Logo.py -I 1 -f /home/hym/trunk/TCRBert/output/exp1/shomuradova.cdr3b_13.fa -o /home/hym/trunk/TCRBert/output/exp1/shomuradova.cdr3b_13_logo --format PDF
#Position Specific Frequency Matrix
A R N D C Q E G H I L K M F P S T W Y V
0 C 0.061 0.015 0.015 0.015 0.513 0.012 0.015 0.031 0.008 0.042 0.061 0.019 0.015 0.019 0.015 0.038 0.035 0.004 0.012 0.054
1 A 0.313 0.03 0.026 0.029 0.02 0.025 0.039 0.073 0.014 0.04 0.055 0.043 0.016 0.02 0.028 0.094 0.049 0.005 0.017 0.063
2 S 0.089 0.042 0.04 0.036 0.021 0.027 0.041 0.053 0.019 0.038 0.049 0.045 0.016 0.033 0.036 0.176 0.07 0.066 0.048 0.052
3 S 0.089 0.036 0.046 0.041 0.015 0.045 0.047 0.13 0.017 0.034 0.072 0.048 0.018 0.022 0.025 0.188 0.064 0.005 0.016 0.042
4 D 0.051 0.033 0.044 0.134 0.01 0.041 0.1 0.089 0.018 0.043 0.109 0.044 0.019 0.057 0.02 0.053 0.054 0.007 0.03 0.044
5 G 0.095 0.074 0.03 0.028 0.013 0.028 0.035 0.146 0.043 0.049 0.12 0.045 0.024 0.029 0.019 0.049 0.056 0.039 0.022 0.057
6 N 0.049 0.035 0.22 0.108 0.01 0.028 0.046 0.089 0.023 0.043 0.055 0.044 0.014 0.02 0.019 0.062 0.066 0.005 0.015 0.048
7 G 0.078 0.037 0.061 0.07 0.013 0.053 0.049 0.119 0.02 0.032 0.044 0.048 0.015 0.027 0.023 0.118 0.102 0.007 0.043 0.041
8 G 0.055 0.037 0.076 0.039 0.01 0.044 0.059 0.211 0.02 0.044 0.104 0.062 0.019 0.031 0.018 0.045 0.033 0.007 0.043 0.042
9 E 0.053 0.041 0.036 0.093 0.009 0.046 0.22 0.033 0.02 0.053 0.05 0.068 0.015 0.019 0.061 0.051 0.056 0.005 0.016 0.054
10 L 0.096 0.044 0.028 0.03 0.013 0.124 0.057 0.038 0.018 0.06 0.189 0.054 0.03 0.03 0.02 0.046 0.037 0.006 0.02 0.061
11 F 0.035 0.024 0.023 0.02 0.009 0.017 0.025 0.026 0.082 0.049 0.084 0.025 0.021 0.276 0.013 0.028 0.025 0.018 0.157 0.045
12 F 0.032 0.018 0.016 0.016 0.01 0.01 0.018 0.024 0.016 0.06 0.108 0.018 0.024 0.422 0.01 0.024 0.024 0.016 0.084 0.052